list(C= structure(.Data= c(0.00000E+00, 1.00000E+00, 0.00000E+00, 1.00000E+00, 1.00000E+00, 1.00000E+00, 0.00000E+00, 0.00000E+00, 0.00000E+00, 1.00000E+00, 1.00000E+00, 0.00000E+00, 0.00000E+00, 0.00000E+00, 0.00000E+00, 1.00000E+00, 0.00000E+00, 1.00000E+00, 0.00000E+00, 0.00000E+00, 0.00000E+00, 2.00000E+00, 2.00000E+00, 2.00000E+00, 0.00000E+00, 1.00000E+00, 0.00000E+00, 2.00000E+00, 1.00000E+00, 0.00000E+00, 0.00000E+00, 0.00000E+00, 0.00000E+00, 0.00000E+00, 0.00000E+00, 0.00000E+00, 0.00000E+00, 0.00000E+00, 0.00000E+00, 0.00000E+00, 0.00000E+00, 0.00000E+00, 2.00000E+00, 1.00000E+00, 3.00000E+00, 1.00000E+00, 1.00000E+00, 0.00000E+00, 0.00000E+00, 0.00000E+00, 0.00000E+00, 0.00000E+00, 0.00000E+00, 0.00000E+00, 2.00000E+00, 2.00000E+00, 1.00000E+00, 1.00000E+00, 1.00000E+00, 0.00000E+00, 0.00000E+00, 1.00000E+00, 1.00000E+00, 1.00000E+00, 0.00000E+00, 0.00000E+00, 0.00000E+00, 0.00000E+00, 0.00000E+00, 1.00000E+00, 1.00000E+00, 1.00000E+00, 0.00000E+00, 0.00000E+00, 0.00000E+00, 1.00000E+00, 2.00000E+00, 0.00000E+00, 0.00000E+00, 0.00000E+00, 0.00000E+00, 0.00000E+00, 0.00000E+00, 0.00000E+00, 0.00000E+00, 0.00000E+00, 0.00000E+00, 0.00000E+00, 0.00000E+00, 0.00000E+00, 0.00000E+00, 0.00000E+00, 1.00000E+00, 1.00000E+00, 0.00000E+00, 0.00000E+00, 0.00000E+00, 2.00000E+00, 2.00000E+00, 0.00000E+00, 1.00000E+00, 1.00000E+00, 5.00000E+00, 6.00000E+00, 4.00000E+00, 1.00000E+00, 1.00000E+00, 1.00000E+00, 2.00000E+00, 3.00000E+00, 2.00000E+00, 1.00000E+00, 1.00000E+00, 1.00000E+00, 1.00000E+00, 2.00000E+00, 1.00000E+00, 0.00000E+00, 0.00000E+00, 0.00000E+00, 0.00000E+00, 1.00000E+00, 1.00000E+00, 1.00000E+00, 1.00000E+00, 0.00000E+00, 1.00000E+00, 1.00000E+00, 0.00000E+00, 4.00000E+00, 4.00000E+00, 1.00000E+00, 1.00000E+00, 0.00000E+00, 0.00000E+00, 0.00000E+00, 0.00000E+00, 0.00000E+00, 1.00000E+00, 0.00000E+00, 1.00000E+00, 3.00000E+00, 4.00000E+00, 1.00000E+00, 2.00000E+00, 1.00000E+00, 2.00000E+00, 2.00000E+00, 1.00000E+00, 2.00000E+00, 1.00000E+00, 0.00000E+00, 0.00000E+00, 2.00000E+00, 2.00000E+00, 2.00000E+00, 1.00000E+00, 0.00000E+00, 1.00000E+00, 0.00000E+00, 0.00000E+00, 0.00000E+00, 2.00000E+00, 2.00000E+00, 3.00000E+00, 5.00000E+00, 5.00000E+00, 3.00000E+00, 1.00000E+00, 3.00000E+00, 4.00000E+00, 2.00000E+00, 0.00000E+00, 2.00000E+00, 2.00000E+00, 2.00000E+00, 1.00000E+00, 2.00000E+00, 3.00000E+00, 3.00000E+00, 2.00000E+00, 2.00000E+00, 3.00000E+00, 1.00000E+00, 2.00000E+00, 2.00000E+00, 7.00000E+00, 7.00000E+00, 3.00000E+00, 0.00000E+00, 0.00000E+00, 0.00000E+00, 4.00000E+00, 4.00000E+00, 4.00000E+00, 7.00000E+00, 5.00000E+00, 4.00000E+00, 3.00000E+00, 3.00000E+00, 2.00000E+00, 5.00000E+00, 4.00000E+00, 4.00000E+00, 4.00000E+00, 4.00000E+00, 2.00000E+00, 1.00000E+00, 2.00000E+00, 1.00000E+00, 2.00000E+00, 1.00000E+00, 2.00000E+00, 6.00000E+00, 5.00000E+00, 7.00000E+00, 2.00000E+00, 4.00000E+00, 4.00000E+00, 3.00000E+00, 4.00000E+00, 6.00000E+00, 3.00000E+00, 3.00000E+00, 2.00000E+00, 5.00000E+00, 6.00000E+00, 3.00000E+00, 5.00000E+00, 4.00000E+00, 5.00000E+00, 8.00000E+00, 6.00000E+00, 8.00000E+00, 3.00000E+00, 3.00000E+00, 4.00000E+00, 3.00000E+00, 5.00000E+00, 4.00000E+00, 4.00000E+00, 5.00000E+00, 2.00000E+00, 3.00000E+00, 3.00000E+00, 6.00000E+00, 3.00000E+00, 4.00000E+00, 7.00000E+00, 3.00000E+00, 3.00000E+00, 3.00000E+00, 5.00000E+00, 4.00000E+00, 4.00000E+00, 1.00000E+00, 6.00000E+00, 6.00000E+00, 5.00000E+00, 8.00000E+00, 9.00000E+00, 5.00000E+00, 5.00000E+00, 6.00000E+00, 7.00000E+00, 6.00000E+00, 3.00000E+00, 1.00000E+01, 1.50000E+01, 1.10000E+01, 9.00000E+00, 6.00000E+00, 1.10000E+01, 7.00000E+00, 6.00000E+00, 7.00000E+00, 1.20000E+01, 5.00000E+00, 7.00000E+00, 1.10000E+01, 9.00000E+00, 9.00000E+00, 8.00000E+00, 1.10000E+01, 1.50000E+01, 1.10000E+01, 1.10000E+01, 1.00000E+01, 1.20000E+01, 8.00000E+00, 9.00000E+00, 1.10000E+01, 8.00000E+00, 1.20000E+01, 1.00000E+01, 7.00000E+00, 1.00000E+01, 1.60000E+01, 1.20000E+01, 1.30000E+01), .Dim=c(100, 3)), R=1.00000E+02, T=3.00000E+00, vegHt=c(1.00953E+00, 1.02704E+00, 1.03508E+00, 1.08172E+00, 1.11474E+00, 1.15476E+00, 1.15928E+00, 1.15985E+00, 1.16349E+00, 1.19096E+00, 1.20458E+00, 1.24290E+00, 1.25206E+00, 1.34639E+00, 1.39805E+00, 1.40924E+00, 1.41804E+00, 1.46093E+00, 1.47379E+00, 1.47529E+00, 1.49214E+00, 1.52500E+00, 1.53702E+00, 1.53702E+00, 1.56090E+00, 1.56265E+00, 1.59877E+00, 1.62556E+00, 1.67531E+00, 1.69776E+00, 1.70295E+00, 1.71520E+00, 1.71578E+00, 1.71711E+00, 1.75500E+00, 1.78565E+00, 1.78926E+00, 1.79544E+00, 1.79677E+00, 1.79726E+00, 1.80322E+00, 1.82190E+00, 1.83898E+00, 1.84533E+00, 1.87089E+00, 1.87253E+00, 1.89002E+00, 1.91284E+00, 1.91409E+00, 1.93781E+00, 1.95695E+00, 1.96088E+00, 1.97095E+00, 2.00548E+00, 2.00940E+00, 2.01192E+00, 2.03349E+00, 2.05018E+00, 2.09151E+00, 2.13094E+00, 2.14177E+00, 2.15396E+00, 2.15969E+00, 2.19115E+00, 2.24860E+00, 2.25644E+00, 2.26103E+00, 2.26883E+00, 2.27399E+00, 2.27794E+00, 2.28527E+00, 2.29717E+00, 2.35245E+00, 2.36984E+00, 2.38235E+00, 2.39787E+00, 2.39965E+00, 2.40492E+00, 2.41479E+00, 2.43824E+00, 2.47651E+00, 2.50154E+00, 2.50601E+00, 2.51221E+00, 2.51782E+00, 2.53735E+00, 2.57330E+00, 2.60739E+00, 2.63195E+00, 2.69666E+00, 2.73151E+00, 2.84190E+00, 2.84224E+00, 2.84914E+00, 2.92587E+00, 2.92922E+00, 2.94961E+00, 2.95886E+00, 2.97063E+00, 2.98686E+00))
