list(N=c(2.00000E+00, 2.00000E+00, 1.00000E+00, 2.00000E+00, 1.00000E+00, 2.00000E+00, 1.00000E+00, 3.00000E+00, 2.00000E+00, 3.00000E+00, 1.00000E+00, 1.00000E+00, 1.00000E+00, 1.00000E+00, 4.00000E+00, 2.00000E+00, 1.00000E+00, 1.00000E+00, 3.00000E+00, 2.00000E+00, 2.00000E+00, 2.00000E+00, 1.00000E+00, 2.00000E+00, 1.00000E+00, 3.00000E+00, 1.00000E+00, 1.00000E+00, 1.00000E+00, 1.00000E+00, 2.00000E+00, 2.00000E+00, 3.00000E+00, 2.00000E+00, 7.00000E+00, 2.00000E+00, 4.00000E+00, 2.00000E+00, 3.00000E+00, 1.00000E+00, 2.00000E+00, 2.00000E+00, 2.00000E+00, 5.00000E+00, 2.00000E+00, 1.00000E+00, 2.00000E+00, 5.00000E+00, 3.00000E+00, 3.00000E+00, 2.00000E+00, 3.00000E+00, 2.00000E+00, 1.00000E+00, 4.00000E+00, 6.00000E+00, 5.00000E+00, 3.00000E+00, 3.00000E+00, 4.00000E+00, 4.00000E+00, 3.00000E+00, 8.00000E+00, 1.00000E+00, 5.00000E+00, 8.00000E+00, 4.00000E+00, 6.00000E+00, 5.00000E+00, 3.00000E+00, 3.00000E+00, 8.00000E+00, 5.00000E+00, 7.00000E+00, 4.00000E+00, 7.00000E+00, 6.00000E+00, 9.00000E+00, 5.00000E+00, 6.00000E+00, 6.00000E+00, 7.00000E+00, 8.00000E+00, 4.00000E+00, 6.00000E+00, 7.00000E+00, 1.00000E+01, 7.00000E+00, 8.00000E+00, 1.60000E+01, 1.20000E+01, 8.00000E+00, 1.30000E+01, 1.20000E+01, 1.60000E+01, 1.20000E+01, 1.30000E+01, 1.30000E+01, 1.10000E+01, 1.70000E+01), alpha0=6.57148E-02, alpha1=3.99513E-01, p=6.75177E-01)
